1.11176 1.09321 1.06145 1.01793 0.96212 0.91167 0.87386 0.81126 0.74290 0.69550 0.64836 0.60401 0.58416 0.56690 0.55339 0.54518 0.55338 0.60923
0.83032 0.80707 0.77115 0.72878 0.67829 0.63416 0.60159 0.54819 0.48992 0.44902 0.40721 0.36563 0.34559 0.32671 0.30985 0.29644 0.29072 0.34195
0.55458 0.53065 0.49589 0.45746 0.41480 0.37971 0.35482 0.31555 0.27470 0.24706 0.21917 0.19074 0.17623 0.16161 0.14726 0.13409 0.12113 0.16182
0.33680 0.31550 0.28667 0.25759 0.22809 0.20535 0.18987 0.16681 0.14631 0.13554 0.12695 0.11934 0.11515 0.11006 0.10363 0.09606 0.08499 0.10368
0.20529 0.18918 0.17023 0.15566 0.14457 0.13679 0.13118 0.12201 0.11552 0.11591 0.11881 0.12532 0.12996 0.13439 0.13529 0.13072 0.11891 0.12174
0.16254 0.15353 0.14556 0.14498 0.14947 0.15338 0.15483 0.15343 0.14967 0.14655 0.14163 0.14360 0.14766 0.15226 0.15580 0.15753 0.15713 0.16056
0.17008 0.16798 0.16794 0.17109 0.17648 0.18015 0.18086 0.17631 0.16561 0.15933 0.15196 0.14557 0.14599 0.14972 0.15541 0.16192 0.17557 0.19053
0.16556 0.16391 0.16344 0.16268 0.16279 0.16279 0.16207 0.15896 0.15303 0.14768 0.14165 0.13782 0.13879 0.14252 0.14882 0.15722 0.17965 0.20667
0.13653 0.12826 0.11893 0.11358 0.11104 0.11051 0.11068 0.11151 0.11314 0.11508 0.11853 0.12492 0.12981 0.13610 0.14388 0.15322 0.17921 0.21226
0.12996 0.11497 0.09662 0.08202 0.07245 0.06876 0.06806 0.07012 0.07679 0.08442 0.09508 0.10929 0.11789 0.12756 0.13832 0.15019 0.17728 0.20730
0.18576 0.16499 0.13684 0.11300 0.09392 0.08183 0.07539 0.07025 0.07317 0.07990 0.09040 0.10466 0.11318 0.12255 0.13269 0.14343 0.16591 0.19068
0.31421 0.29366 0.26350 0.23085 0.19649 0.17034 0.15357 0.13248 0.12026 0.11701 0.11760 0.12206 0.12572 0.13025 0.13558 0.14159 0.15518 0.17150
0.47135 0.45377 0.42420 0.38611 0.33963 0.30093 0.27451 0.23618 0.20242 0.18391 0.16933 0.15910 0.15567 0.15336 0.15215 0.15201 0.15495 0.16377
0.58895 0.57536 0.54897 0.50567 0.44968 0.40243 0.36958 0.32021 0.27339 0.24523 0.22063 0.20048 0.19232 0.18555 0.18025 0.17652 0.17448 0.18281
0.61062 0.59376 0.56407 0.52360 0.47219 0.42813 0.39718 0.35013 0.30490 0.27740 0.25327 0.23367 0.22594 0.21981 0.21546 0.21309 0.21556 0.23145
0.56167 0.54015 0.50737 0.46937 0.42637 0.39178 0.36830 0.33383 0.30240 0.28458 0.27044 0.26115 0.25874 0.25807 0.25938 0.26291 0.27808 0.30771
0.50151 0.47561 0.43979 0.40340 0.36806 0.34362 0.32900 0.31069 0.29831 0.29441 0.29491 0.30080 0.30614 0.31333 0.32259 0.33417 0.36567 0.41139
0.48858 0.45856 0.41940 0.38368 0.35468 0.33934 0.33285 0.32945 0.33453 0.34327 0.35694 0.37637 0.38858 0.40270 0.41894 0.43754 0.48306 0.54208
0.57451 0.54162 0.49922 0.46302 0.43774 0.42862 0.42721 0.43187 0.44503 0.45910 0.47810 0.50298 0.51802 0.53505 0.55432 0.57609 0.62823 0.69356
0.78583 0.75717 0.71878 0.68311 0.65454 0.64033 0.63434 0.63060 0.63401 0.64118 0.65334 0.67181 0.68395 0.69837 0.71536 0.73524 0.78483 0.84851
1.06995 1.05113 1.02250 0.98899 0.95115 0.92165 0.90246 0.87592 0.85439 0.84450 0.83984 0.84233 0.84701 0.85448 0.86513 0.87938 0.92009 0.97741
1.31005 1.30045 1.28171 1.24772 1.19656 1.15133 1.11907 1.06944 1.02158 0.99305 0.96951 0.95361 0.94959 0.94889 0.95210 0.95984 0.99112 1.04354
1.39980 1.38974 1.36787 1.33184 1.27853 1.22769 1.18940 1.12718 1.06274 1.02123 0.98355 0.95297 0.94173 0.93412 0.93102 0.93338 0.95847 1.01288
1.32202 1.30797 1.28081 1.24078 1.18535 1.13319 1.09362 1.02811 0.95768 0.91022 0.86484 0.82486 0.80840 0.79541 0.78699 0.78448 0.80366 0.86377
