1.02253 1.02309 1.01811 1.00208 0.97723 0.95431 0.93773 0.91241 0.88883 0.87558 0.86544 0.85934 0.85801 0.85784 0.85874 0.86048 0.86453 0.86561
0.79529 0.79168 0.78349 0.77109 0.75392 0.73822 0.72695 0.71021 0.69607 0.68995 0.68815 0.69232 0.69714 0.70398 0.71285 0.72357 0.74740 0.76372
0.56647 0.56131 0.55289 0.54266 0.53068 0.52085 0.51424 0.50521 0.49945 0.49935 0.50423 0.51631 0.52580 0.53798 0.55300 0.57079 0.61162 0.64496
0.37799 0.37282 0.36602 0.35965 0.35367 0.34917 0.34613 0.34187 0.33968 0.34119 0.34715 0.36025 0.37052 0.38385 0.40054 0.42064 0.46860 0.51848
0.25896 0.25529 0.25232 0.25286 0.25565 0.25718 0.25710 0.25474 0.25054 0.24831 0.24849 0.25521 0.26258 0.27332 0.28822 0.30764 0.35628 0.41204
0.22027 0.22065 0.22342 0.23104 0.24025 0.24485 0.24530 0.24007 0.22883 0.21937 0.20969 0.20873 0.21307 0.22089 0.23224 0.24723 0.28752 0.33844
0.22922 0.23586 0.24488 0.25305 0.25876 0.25958 0.25709 0.24642 0.22834 0.21697 0.20450 0.19407 0.19363 0.19796 0.20620 0.21741 0.24834 0.29174
0.21802 0.22607 0.23654 0.24160 0.24376 0.24284 0.24025 0.23243 0.21960 0.20852 0.19598 0.18548 0.18344 0.18465 0.18909 0.19642 0.22113 0.26217
0.17326 0.17417 0.17594 0.18351 0.19107 0.19458 0.19539 0.19388 0.18895 0.18412 0.17900 0.17543 0.17510 0.17629 0.17939 0.18491 0.20785 0.25111
0.16213 0.16134 0.16108 0.16249 0.16532 0.16761 0.16893 0.17054 0.17196 0.17320 0.17526 0.17908 0.18211 0.18623 0.19183 0.19942 0.22397 0.26841
0.20964 0.20866 0.20686 0.20448 0.20179 0.19999 0.19922 0.19963 0.20320 0.20770 0.21417 0.22312 0.22878 0.23543 0.24329 0.25270 0.27845 0.32411
0.31152 0.31219 0.31163 0.30914 0.30480 0.30090 0.29852 0.29683 0.29950 0.30407 0.31119 0.32136 0.32780 0.33532 0.34411 0.35446 0.38181 0.42341
0.44880 0.45352 0.45784 0.45915 0.45736 0.45461 0.45262 0.45051 0.45097 0.45360 0.45869 0.46683 0.47227 0.47878 0.48653 0.49574 0.51972 0.55387
0.58971 0.60013 0.61216 0.61951 0.62318 0.62431 0.62461 0.62500 0.62631 0.62837 0.63193 0.63758 0.64141 0.64606 0.65167 0.65840 0.67609 0.70138
0.70330 0.71789 0.73682 0.75405 0.76893 0.77848 0.78409 0.79150 0.79792 0.80191 0.80596 0.81048 0.81309 0.81606 0.81949 0.82355 0.83426 0.85011
0.78638 0.80510 0.83177 0.85979 0.88802 0.90837 0.92108 0.93821 0.95227 0.95966 0.96545 0.96977 0.97151 0.97305 0.97451 0.97601 0.97984 0.98641
0.84961 0.87258 0.90762 0.94724 0.98956 1.02100 1.04073 1.06694 1.08744 1.09723 1.10370 1.10690 1.10736 1.10715 1.10637 1.10514 1.10206 1.09984
0.90652 0.93286 0.97625 1.02880 1.08611 1.12730 1.15189 1.18239 1.20362 1.21212 1.21599 1.21539 1.21352 1.21071 1.20705 1.20268 1.19252 1.18226
0.97621 1.00137 1.04888 1.11798 1.19072 1.23355 1.25563 1.27961 1.29267 1.29529 1.29313 1.28642 1.28147 1.27555 1.26875 1.26120 1.24454 1.22770
1.09259 1.11768 1.16208 1.22023 1.27779 1.30853 1.32237 1.33409 1.33567 1.33134 1.32289 1.31053 1.30296 1.29455 1.28536 1.27549 1.25436 1.23333
1.22093 1.24227 1.27199 1.30016 1.32190 1.33129 1.33371 1.33159 1.32277 1.31322 1.30072 1.28528 1.27648 1.26698 1.25681 1.24605 1.22327 1.20090
1.29832 1.31390 1.33055 1.33395 1.32140 1.30617 1.29541 1.27958 1.26245 1.24951 1.23501 1.21874 1.20989 1.20054 1.19068 1.18033 1.15849 1.13719
1.28773 1.29499 1.29720 1.28672 1.26162 1.23612 1.21873 1.19413 1.17037 1.15461 1.13881 1.12285 1.11475 1.10650 1.09806 1.08935 1.07102 1.05284
1.19343 1.19615 1.19242 1.17756 1.15097 1.12501 1.10603 1.07694 1.04908 1.03207 1.01676 1.00342 0.99749 0.99199 0.98681 0.98181 0.97141 0.95981
