1.10034 1.08346 1.05367 1.00581 0.94549 0.89291 0.85445 0.79205 0.72498 0.67861 0.63207 0.58726 0.56653 0.54783 0.53226 0.52140 0.52348 0.57437
0.82143 0.79641 0.75943 0.71976 0.67408 0.63325 0.60244 0.55066 0.49225 0.44970 0.40444 0.35690 0.33268 0.30863 0.28553 0.26479 0.24392 0.29185
0.56308 0.53925 0.50511 0.46824 0.42791 0.39446 0.37020 0.33029 0.28552 0.25243 0.21606 0.17552 0.15347 0.13029 0.10637 0.08275 0.04939 0.08873
0.35318 0.33206 0.30305 0.27329 0.24262 0.21859 0.20183 0.17546 0.14793 0.12884 0.10799 0.08360 0.06946 0.05379 0.03671 0.01909 0.00000 0.00618
0.20736 0.18999 0.16804 0.14863 0.13162 0.11963 0.11162 0.09932 0.08826 0.08280 0.07642 0.06711 0.06071 0.05267 0.04161 0.02721 0.00030 0.00000
0.12929 0.11634 0.10163 0.09211 0.08742 0.08621 0.08597 0.08553 0.08534 0.08496 0.08230 0.07662 0.07189 0.06546 0.05683 0.04622 0.02352 0.01120
0.10271 0.09386 0.08420 0.07794 0.07574 0.07657 0.07782 0.07948 0.08052 0.08022 0.07784 0.07294 0.06951 0.06529 0.05996 0.05342 0.03852 0.02787
0.09863 0.09050 0.08039 0.07183 0.06484 0.06094 0.05906 0.05716 0.05597 0.05517 0.05398 0.05229 0.05129 0.05017 0.04880 0.04697 0.04156 0.03642
0.10336 0.09398 0.08121 0.06528 0.04981 0.04000 0.03463 0.02859 0.02513 0.02429 0.02466 0.02631 0.02765 0.02932 0.03128 0.03339 0.03619 0.03661
0.11704 0.10143 0.08012 0.05913 0.03971 0.02685 0.01939 0.01046 0.00500 0.00367 0.00439 0.00730 0.00963 0.01252 0.01595 0.01978 0.02740 0.03173
0.17349 0.15218 0.12212 0.09511 0.07094 0.05308 0.04157 0.02627 0.01516 0.01039 0.00777 0.00747 0.00826 0.00972 0.01185 0.01466 0.02168 0.02458
0.29385 0.27319 0.24242 0.20842 0.17152 0.14211 0.12211 0.09346 0.06905 0.05521 0.04340 0.03387 0.03004 0.02686 0.02432 0.02240 0.01989 0.01876
0.44335 0.42591 0.39623 0.35729 0.30888 0.26771 0.23889 0.19522 0.15319 0.12716 0.10334 0.08216 0.07267 0.06397 0.05608 0.04899 0.03736 0.03077
0.56109 0.54803 0.52215 0.47744 0.41922 0.36986 0.33525 0.28226 0.23003 0.19684 0.16584 0.13779 0.12511 0.11345 0.10291 0.09362 0.07962 0.07533
0.59267 0.57582 0.54598 0.50493 0.45233 0.40685 0.37458 0.32477 0.27531 0.24385 0.21461 0.18859 0.17713 0.16691 0.15813 0.15100 0.14305 0.14773
0.56446 0.54305 0.51022 0.47181 0.42774 0.39166 0.36672 0.32908 0.29291 0.27079 0.25124 0.23532 0.22909 0.22427 0.22108 0.21979 0.22435 0.24229
0.52751 0.50198 0.46632 0.42955 0.39290 0.36651 0.34994 0.32745 0.30897 0.29974 0.29375 0.29191 0.29290 0.29540 0.29964 0.30588 0.32573 0.35855
0.52736 0.49745 0.45823 0.42219 0.39215 0.37501 0.36653 0.35858 0.35684 0.35960 0.36608 0.37705 0.38457 0.39366 0.40455 0.41748 0.45068 0.49608
0.60647 0.57200 0.52783 0.49166 0.46693 0.45736 0.45480 0.45601 0.46337 0.47215 0.48472 0.50198 0.51274 0.52519 0.53954 0.55605 0.59662 0.64890
0.79695 0.76589 0.72460 0.68729 0.65805 0.64330 0.63664 0.63108 0.63142 0.63569 0.64414 0.65790 0.66725 0.67855 0.69206 0.70806 0.74854 0.80114
1.05269 1.03067 0.99757 0.95975 0.91834 0.88713 0.86745 0.84125 0.82098 0.81202 0.80792 0.81016 0.81427 0.82079 0.83004 0.84239 0.87751 0.92652
1.26893 1.25507 1.22999 1.18897 1.13097 1.08248 1.05014 1.00406 0.96259 0.93892 0.92003 0.90799 0.90542 0.90572 0.90942 0.91705 0.94598 0.99268
1.35620 1.34261 1.31488 1.27152 1.21034 1.15526 1.11645 1.05771 1.00030 0.96448 0.93259 0.90724 0.89817 0.89232 0.89047 0.89352 0.91801 0.96875
1.29762 1.28352 1.25431 1.20854 1.14524 1.08826 1.04687 0.98141 0.91422 0.87016 0.82854 0.79196 0.77681 0.76475 0.75679 0.75425 0.77197 0.82936
