1.09245 1.07707 1.05082 1.01564 0.96999 0.92839 0.89705 0.84485 0.78717 0.74652 0.70508 0.66429 0.64494 0.62706 0.61165 0.60032 0.60052 0.65336
0.85250 0.83357 0.80369 0.76684 0.72214 0.68343 0.65526 0.60989 0.56159 0.52814 0.49360 0.45736 0.43837 0.41882 0.39910 0.38037 0.36079 0.41660
0.61168 0.59137 0.56178 0.52872 0.49142 0.46052 0.43886 0.40618 0.37622 0.35916 0.34393 0.32777 0.31783 0.30565 0.29073 0.27330 0.24401 0.28934
0.42683 0.40946 0.38718 0.36594 0.34408 0.32533 0.31133 0.29060 0.28067 0.28641 0.30086 0.31876 0.32628 0.33051 0.32947 0.32233 0.30012 0.30605
0.33476 0.32404 0.31700 0.32212 0.33410 0.33954 0.33808 0.32697 0.32270 0.33973 0.36415 0.39828 0.41912 0.43902 0.44848 0.44155 0.41042 0.38756
0.35936 0.36179 0.37605 0.41222 0.46200 0.49763 0.51354 0.51380 0.49693 0.48262 0.46308 0.47139 0.48501 0.49882 0.50649 0.50654 0.49101 0.46937
0.44760 0.46869 0.50176 0.53869 0.57822 0.60522 0.61511 0.60170 0.56012 0.53601 0.51336 0.49272 0.49046 0.49645 0.50626 0.51702 0.53317 0.53190
0.45118 0.47666 0.51325 0.52860 0.54132 0.55036 0.55365 0.55051 0.53644 0.52217 0.50525 0.49332 0.49497 0.50406 0.51975 0.53980 0.57572 0.58298
0.33433 0.33161 0.33282 0.36036 0.39380 0.41668 0.42998 0.44645 0.45925 0.46734 0.47797 0.49606 0.50995 0.52796 0.55011 0.57517 0.61509 0.61778
0.29051 0.28333 0.27987 0.28716 0.30512 0.32341 0.33720 0.36032 0.38778 0.41009 0.43750 0.47234 0.49327 0.51670 0.54225 0.56880 0.61406 0.62098
0.33649 0.32715 0.31659 0.30911 0.30613 0.30800 0.31206 0.32490 0.34921 0.37250 0.40195 0.43835 0.45937 0.48224 0.50669 0.53210 0.57895 0.58328
0.43548 0.42462 0.40859 0.39076 0.37188 0.35851 0.35127 0.34697 0.35559 0.36850 0.38710 0.41153 0.42584 0.44133 0.45759 0.47388 0.50044 0.50353
0.55183 0.54185 0.52400 0.49952 0.46893 0.44410 0.42809 0.40749 0.39427 0.39104 0.39285 0.39974 0.40490 0.41093 0.41747 0.42393 0.43300 0.43052
0.63458 0.62700 0.61082 0.57971 0.53937 0.50638 0.48430 0.45299 0.42640 0.41272 0.40312 0.39796 0.39702 0.39706 0.39789 0.39924 0.40216 0.40510
0.63775 0.62562 0.60434 0.57540 0.53902 0.50859 0.48785 0.45773 0.43107 0.41658 0.40564 0.39893 0.39732 0.39691 0.39771 0.39973 0.40758 0.42281
0.58768 0.57064 0.54558 0.51778 0.48786 0.46506 0.45037 0.43034 0.41449 0.40739 0.40392 0.40487 0.40724 0.41102 0.41631 0.42326 0.44294 0.47303
0.53200 0.51033 0.48163 0.45447 0.43073 0.41658 0.40950 0.40328 0.40349 0.40791 0.41640 0.42959 0.43822 0.44836 0.46017 0.47383 0.50769 0.55284
0.51650 0.48986 0.45683 0.42978 0.41232 0.40733 0.40827 0.41629 0.43238 0.44782 0.46739 0.49164 0.50578 0.52146 0.53883 0.55811 0.60345 0.66010
0.58692 0.55525 0.51666 0.48933 0.47778 0.48133 0.48873 0.50611 0.53037 0.55048 0.57420 0.60226 0.61825 0.63578 0.65507 0.67636 0.72610 0.78739
0.78054 0.75355 0.71964 0.69271 0.67769 0.67618 0.67906 0.68803 0.70223 0.71499 0.73115 0.75180 0.76427 0.77851 0.79477 0.81338 0.85892 0.91732
1.04635 1.03094 1.00908 0.98550 0.96086 0.94286 0.93156 0.91634 0.90443 0.89947 0.89819 0.90221 0.90686 0.91371 0.92315 0.93558 0.97102 1.02216
1.26671 1.26124 1.25062 1.22825 1.19219 1.15950 1.13516 1.09585 1.05643 1.03229 1.01179 0.99716 0.99295 0.99143 0.99313 0.99867 1.02365 1.06911
1.34484 1.33864 1.32473 1.30045 1.26269 1.22491 1.19487 1.14353 1.08827 1.05176 1.01777 0.98900 0.97773 0.96937 0.96470 0.96467 0.98273 1.02961
1.27292 1.26185 1.24119 1.21134 1.16958 1.12920 1.09777 1.04430 0.98491 0.94376 0.90330 0.86613 0.85001 0.83648 0.82656 0.82159 0.83356 0.88687
